-2 1 1 1 419.938 65.6001
-2 1 1 3 443.438 63.5001
-2 1 2 1 419.61 65.8001
-2 1 2 3 443.11 63.6001
-2 1 3 1 418.957 65.6001
-2 1 3 3 442.457 63.5001
-2 1 4 1 418.642 65.3001
-2 1 4 3 442.142 63.2001
-2 1 5 1 418.911 64.6001
-2 1 5 3 442.412 62.6001
-2 1 6 1 419.779 64.7001
-2 1 6 3 443.279 62.6001
-2 1 7 1 420.285 65.3001
-2 1 7 3 443.785 63.2001
-2 1 8 1 420.072 65.8001
-2 1 8 3 443.572 63.7001
-2 1 9 1 419.376 65.8001
-2 1 9 3 442.877 63.6001
-2 1 10 1 418.957 65.5001
-2 1 10 3 442.457 63.4001
-2 1 11 1 419.204 65.2001
-2 1 11 3 442.704 63.2001
-2 1 12 1 419.777 65.2001
-2 1 12 3 443.278 63.2001
-2 2 1 1 501.232 143.3
-2 2 1 3 524.732 147.4
-2 2 2 1 500.836 143.3
-2 2 2 3 524.336 147.4
-2 2 3 1 500.2 143.2
-2 2 3 3 523.7 147.4
-2 2 4 1 499.944 142.9
-2 2 4 3 523.444 147
-2 2 5 1 500.34 142.2
-2 2 5 3 523.84 146.4
-2 2 6 1 501.097 142.3
-2 2 6 3 524.597 146.5
-2 2 7 1 501.533 142.8
-2 2 7 3 525.033 146.9
-2 2 8 1 501.286 143.2
-2 2 8 3 524.786 147.4
-2 2 9 1 500.584 143.2
-2 2 9 3 524.084 147.3
-2 2 10 1 500.494 143.1
-2 2 10 3 523.994 147.3
-2 2 11 1 500.505 142.8
-2 2 11 3 524.006 147.1
-2 2 12 1 501.209 142.8
-2 2 12 3 524.709 147.1
-2 3 1 1 608.437 129.8
-2 3 1 3 631.937 129.8
-2 3 2 1 608.091 129.8
-2 3 2 3 631.591 129.8
-2 3 3 1 607.592 129.7
-2 3 3 3 631.092 129.7
-2 3 4 1 607.226 129.3
-2 3 4 3 630.726 129.3
-2 3 5 1 607.604 128.8
-2 3 5 3 631.105 128.9
-2 3 6 1 608.333 128.8
-2 3 6 3 631.833 128.9
-2 3 7 1 608.781 129.3
-2 3 7 3 632.281 129.3
-2 3 8 1 608.485 129.7
-2 3 8 3 631.986 129.6
-2 3 9 1 607.89 129.7
-2 3 9 3 631.39 129.6
-2 3 10 1 607.626 129.7
-2 3 10 3 631.126 129.7
-2 3 11 1 607.747 129.5
-2 3 11 3 631.247 129.5
-2 3 12 1 608.38 129.5
-2 3 12 3 631.88 129.5
-2 4 1 1 710.94 291.2
-2 4 1 3 734.44 299.7
-2 4 2 1 710.372 291.3
-2 4 2 3 733.872 299.7
-2 4 3 1 710.09 291.3
-2 4 3 3 733.59 299.7
-2 4 4 1 710.625 310.6
-2 4 4 3 734.125 310.7
-2 4 13 1 710.212 -10.8999
-2 4 13 3 733.713 -10.9999
-2 4 5 1 709.962 109.3
-2 4 5 3 733.462 100.9
-2 4 6 1 710.715 109.3
-2 4 6 3 734.215 100.9
-2 4 7 1 711.181 109.6
-2 4 7 3 734.68 101.2
-2 4 8 1 710.772 110
-2 4 8 3 734.273 101.5
-2 4 9 1 712.816 94.1
-2 4 9 3 736.316 94
-2 4 10 1 710.235 259.7
-2 4 10 3 733.735 263.9
-2 4 14 1 710.004 -9.69994
-2 4 14 3 733.504 -13.8999
-2 4 11 1 712.78 105.6
-2 4 11 3 736.28 105.6
-2 4 12 1 710.809 274.5
-2 4 12 3 734.309 283
-1 1 1 1 420.21 65.2001
-1 1 1 3 443.71 63.1001
-1 1 2 1 420.075 65.9001
-1 1 2 3 443.575 63.7001
-1 1 3 1 419.363 65.8001
-1 1 3 3 442.863 63.6001
-1 1 4 1 418.949 65.5001
-1 1 4 3 442.449 63.4001
-1 1 5 1 419.078 65.0001
-1 1 5 3 442.578 62.9001
-1 1 6 1 419.604 65.1001
-1 1 6 3 443.104 63.0001
-1 1 7 1 419.797 65.3001
-1 1 7 3 443.297 63.2001
-1 1 8 1 419.625 65.5001
-1 1 8 3 443.126 63.3001
-1 1 9 1 419.082 65.4001
-1 1 9 3 442.582 63.3001
-1 1 10 1 418.792 65.1001
-1 1 10 3 442.292 63.0001
-1 1 11 1 419.295 64.6001
-1 1 11 3 442.795 62.6001
-1 1 12 1 419.977 64.7001
-1 1 12 3 443.477 62.7001
-1 2 1 1 501.558 143
-1 2 1 3 525.058 147.2
-1 2 2 1 501.351 143.4
-1 2 2 3 524.851 147.6
-1 2 3 1 500.713 143.4
-1 2 3 3 524.213 147.6
-1 2 4 1 500.191 143.2
-1 2 4 3 523.691 147.4
-1 2 5 1 500.44 142.8
-1 2 5 3 523.94 147
-1 2 6 1 500.965 142.7
-1 2 6 3 524.465 146.9
-1 2 7 1 501.047 142.7
-1 2 7 3 524.547 146.9
-1 2 8 1 500.911 142.9
-1 2 8 3 524.411 147.1
-1 2 9 1 500.339 143
-1 2 9 3 523.839 147.1
-1 2 10 1 500.267 142.6
-1 2 10 3 523.767 146.8
-1 2 11 1 500.596 142.3
-1 2 11 3 524.096 146.5
-1 2 12 1 501.305 142.5
-1 2 12 3 524.805 146.7
-1 3 1 1 608.78 129.8
-1 3 1 3 632.28 129.8
-1 3 2 1 608.493 129.9
-1 3 2 3 631.993 129.9
-1 3 3 1 607.937 129.9
-1 3 3 3 631.437 129.9
-1 3 4 1 607.526 129.7
-1 3 4 3 631.026 129.7
-1 3 5 1 607.601 129.3
-1 3 5 3 631.101 129.4
-1 3 6 1 608.073 128.9
-1 3 6 3 631.573 128.9
-1 3 7 1 608.334 129.2
-1 3 7 3 631.834 129.2
-1 3 8 1 608.224 129.4
-1 3 8 3 631.725 129.3
-1 3 9 1 607.636 129.4
-1 3 9 3 631.137 129.3
-1 3 10 1 606.919 129.2
-1 3 10 3 630.417 129.2
-1 3 11 1 607.754 129
-1 3 11 3 631.254 129.1
-1 3 12 1 608.586 129.2
-1 3 12 3 632.086 129.2
-1 4 1 1 711.37 291.1
-1 4 1 3 734.87 299.6
-1 4 2 1 710.602 291.3
-1 4 2 3 734.102 299.7
-1 4 3 1 710.481 291.3
-1 4 3 3 733.982 299.7
-1 4 4 1 710.104 310.8
-1 4 4 3 733.604 310.8
-1 4 13 1 709.897 -10.6999
-1 4 13 3 733.397 -10.6999
-1 4 5 1 709.817 109.6
-1 4 5 3 733.317 101.2
-1 4 6 1 710.489 109.5
-1 4 6 3 733.989 101.2
-1 4 7 1 710.815 109.6
-1 4 7 3 734.315 101.1
-1 4 8 1 710.511 109.7
-1 4 8 3 734.011 101.3
-1 4 9 1 712.482 93.6
-1 4 9 3 735.982 93.6
-1 4 10 1 710.245 259.4
-1 4 10 3 733.745 263.6
-1 4 14 1 709.626 -9.99994
-1 4 14 3 733.126 -14.1999
-1 4 11 1 712.74 105.1
-1 4 11 3 736.239 105.1
-1 4 12 1 711.18 274.3
-1 4 12 3 734.68 282.7
0 1 1 1 420.522 65.6001
0 1 1 3 444.021 63.5001
0 1 5 1 418.784 64.8001
0 1 5 3 442.284 62.8001
0 1 9 1 419.345 65.8001
0 1 9 3 442.845 63.6001
0 1 2 1 419.808 139.6
0 1 2 3 443.308 141.8
0 1 6 1 419.639 141
0 1 6 3 443.139 143
0 1 10 1 418.81 140.5
0 1 10 3 442.31 142.6
0 1 3 1 418.934 139.7
0 1 3 3 442.434 141.8
0 1 7 1 420.473 140.5
0 1 7 3 443.973 142.6
0 1 11 1 419.077 140.7
0 1 11 3 442.577 142.7
0 1 4 1 418.415 65.5001
0 1 4 3 441.915 63.4001
0 1 8 1 420.24 65.8001
0 1 8 3 443.74 63.6001
0 1 12 1 420.014 64.9001
0 1 12 3 443.514 62.9001
0 2 1 1 501.772 143.2
0 2 1 3 525.272 147.5
0 2 5 1 500.163 142.4
0 2 5 3 523.663 146.6
0 2 9 1 500.499 143.3
0 2 9 3 523.999 147.4
0 2 2 1 501.043 106.1
0 2 2 3 524.543 102
0 2 6 1 500.965 107.5
0 2 6 3 524.465 103.2
0 2 10 1 499.91 106.8
0 2 10 3 523.41 102.6
0 2 3 1 500.16 106.2
0 2 3 3 523.66 102
0 2 7 1 501.601 107
0 2 7 3 525.101 102.8
0 2 11 1 500.578 107.1
0 2 11 3 524.078 102.8
0 2 4 1 499.706 143
0 2 4 3 523.206 147.2
0 2 8 1 501.268 143.3
0 2 8 3 524.768 147.4
0 2 12 1 501.411 142.5
0 2 12 3 524.912 146.8
0 3 1 1 608.957 129.9
0 3 1 3 632.457 129.9
0 3 5 1 607.221 129
0 3 5 3 630.721 129.1
0 3 9 1 607.72 129.8
0 3 9 3 631.22 129.8
0 3 2 1 608.275 170.1
0 3 2 3 631.775 170.1
0 3 6 1 608.192 171.2
0 3 6 3 631.692 171.1
0 3 10 1 607.227 170.8
0 3 10 3 630.727 170.8
0 3 3 1 607.591 170.2
0 3 3 3 631.091 170.2
0 3 7 1 609.315 170.8
0 3 7 3 632.815 170.8
0 3 11 1 607.672 171.1
0 3 11 3 631.172 171.1
0 3 4 1 606.9 129.6
0 3 4 3 630.4 129.6
0 3 8 1 608.468 130
0 3 8 3 631.968 129.9
0 3 12 1 608.556 129.2
0 3 12 3 632.056 129.3
0 4 1 1 711.01 291.3
0 4 1 3 734.51 299.7
0 4 2 1 710.364 109.4
0 4 2 3 733.864 101.1
0 4 3 1 709.729 109.5
0 4 3 3 733.229 101.1
0 4 4 1 709.287 310.8
0 4 4 3 732.787 310.8
0 4 13 1 709.5 -10.7999
0 4 13 3 733 -10.6999
0 4 5 1 709.59 109.3
0 4 5 3 733.09 101
0 4 6 1 710.197 291.7
0 4 6 3 733.697 300
0 4 7 1 711.293 291.2
0 4 7 3 734.793 299.6
0 4 8 1 711.002 110.2
0 4 8 3 734.502 101.8
0 4 9 1 712.301 94
0 4 9 3 735.801 94.1
0 4 10 1 709.352 -9.69994
0 4 10 3 732.852 -13.8999
0 4 14 1 710.469 259.8
0 4 14 3 733.968 263.9
0 4 11 1 712.559 94.1
0 4 11 3 736.059 94.1
0 4 12 1 710.974 274.1
0 4 12 3 734.474 282.5
1 1 1 1 420.423 140.4
1 1 1 3 443.923 142.5
1 1 2 1 420.156 139.8
1 1 2 3 443.656 142
1 1 3 1 419.432 139.7
1 1 3 3 442.932 141.8
1 1 4 1 418.826 140.2
1 1 4 3 442.326 142.3
1 1 5 1 419.032 140.5
1 1 5 3 442.532 142.6
1 1 6 1 419.526 140.5
1 1 6 3 443.026 142.6
1 1 7 1 419.863 140.3
1 1 7 3 443.363 142.5
1 1 8 1 419.568 140
1 1 8 3 443.069 142.2
1 1 9 1 419.05 140.3
1 1 9 3 442.55 142.4
1 1 10 1 418.82 140.8
1 1 10 3 442.32 142.9
1 1 11 1 419.225 141.1
1 1 11 3 442.725 143.1
1 1 12 1 420.09 141.2
1 1 12 3 443.591 143.2
1 2 1 1 501.831 106.9
1 2 1 3 525.331 102.6
1 2 2 1 501.347 106.2
1 2 2 3 524.847 102
1 2 3 1 500.729 106.2
1 2 3 3 524.229 102
1 2 4 1 500.353 106.6
1 2 4 3 523.853 102.4
1 2 5 1 500.378 106.9
1 2 5 3 523.878 102.7
1 2 6 1 500.854 107
1 2 6 3 524.354 102.7
1 2 7 1 501.159 106.9
1 2 7 3 524.659 102.7
1 2 8 1 500.811 106.5
1 2 8 3 524.311 102.4
1 2 9 1 500.312 106.7
1 2 9 3 523.812 102.5
1 2 10 1 500.236 107.2
1 2 10 3 523.736 103
1 2 11 1 500.673 107.2
1 2 11 3 524.173 102.9
1 2 12 1 501.385 107.2
1 2 12 3 524.885 102.9
1 3 1 1 608.933 170.6
1 3 1 3 632.433 170.6
1 3 2 1 608.5 170.1
1 3 2 3 632 170.1
1 3 3 1 608.006 170.2
1 3 3 3 631.506 170.3
1 3 4 1 607.474 170.5
1 3 4 3 630.974 170.5
1 3 5 1 607.615 170.8
1 3 5 3 631.115 170.7
1 3 6 1 608.002 171
1 3 6 3 631.502 171
1 3 7 1 608.343 170.7
1 3 7 3 631.843 170.7
1 3 8 1 608.005 170.5
1 3 8 3 631.505 170.5
1 3 9 1 607.603 170.7
1 3 9 3 631.103 170.7
1 3 10 1 607.353 171.2
1 3 10 3 630.853 171.2
1 3 11 1 607.898 171.2
1 3 11 3 631.398 171.1
1 3 12 1 608.737 171.2
1 3 12 3 632.237 171.2
1 4 1 1 711.37 110
1 4 1 3 734.87 101.5
1 4 2 1 710.689 109.6
1 4 2 3 734.188 101.2
1 4 3 1 710.118 109.6
1 4 3 3 733.618 101.2
1 4 4 1 709.767 -10.7999
1 4 4 3 733.267 -10.6999
1 4 13 1 709.837 310.8
1 4 13 3 733.337 310.8
1 4 5 1 709.865 291.3
1 4 5 3 733.365 299.7
1 4 6 1 710.085 291.4
1 4 6 3 733.585 299.8
1 4 7 1 710.759 291.3
1 4 7 3 734.259 299.7
1 4 8 1 710.286 274.5
1 4 8 3 733.786 282.9
1 4 9 1 712.639 105.6
1 4 9 3 736.14 105.8
1 4 10 1 710.2 -9.39994
1 4 10 3 733.7 -13.5999
1 4 14 1 710.17 260
1 4 14 3 733.67 264.2
1 4 11 1 712.897 94.6
1 4 11 3 736.397 94.6
1 4 12 1 710.92 110.4
1 4 12 3 734.42 102
2 1 1 1 420.394 140.4
2 1 1 3 443.894 142.5
2 1 2 1 420.018 140
2 1 2 3 443.518 142.1
2 1 3 1 419.231 139.5
2 1 3 3 442.731 141.6
2 1 4 1 418.836 140.2
2 1 4 3 442.336 142.3
2 1 5 1 419.024 140.6
2 1 5 3 442.524 142.7
2 1 6 1 419.542 140.6
2 1 6 3 443.042 142.7
2 1 7 1 419.947 140.3
2 1 7 3 443.447 142.4
2 1 8 1 419.526 140.1
2 1 8 3 443.026 142.2
2 1 9 1 419.154 140.2
2 1 9 3 442.654 142.3
2 1 10 1 418.832 140.6
2 1 10 3 442.332 142.7
2 1 11 1 419.269 140.7
2 1 11 3 442.769 142.8
2 1 12 1 420.083 140.7
2 1 12 3 443.583 142.8
2 2 1 1 501.571 106.6
2 2 1 3 525.071 102.5
2 2 2 1 501.308 106.1
2 2 2 3 524.808 102
2 2 3 1 500.661 106.1
2 2 3 3 524.161 101.9
2 2 4 1 500.202 106.6
2 2 4 3 523.702 102.4
2 2 5 1 500.319 106.8
2 2 5 3 523.819 102.6
2 2 6 1 500.883 107
2 2 6 3 524.383 102.7
2 2 7 1 501.136 106.9
2 2 7 3 524.636 102.8
2 2 8 1 500.836 106.4
2 2 8 3 524.336 102.2
2 2 9 1 500.253 106.5
2 2 9 3 523.753 102.4
2 2 10 1 500.199 107
2 2 10 3 523.699 102.8
2 2 11 1 500.648 107
2 2 11 3 524.148 102.8
2 2 12 1 501.296 107
2 2 12 3 524.796 102.7
2 3 1 1 608.811 170.4
2 3 1 3 632.311 170.4
2 3 2 1 608.323 170.1
2 3 2 3 631.823 170.1
2 3 3 1 607.89 169.8
2 3 3 3 631.39 169.9
2 3 4 1 607.395 170.5
2 3 4 3 630.895 170.5
2 3 5 1 607.564 170.9
2 3 5 3 631.064 170.8
2 3 6 1 608.05 171
2 3 6 3 631.55 170.9
2 3 7 1 608.334 170.6
2 3 7 3 631.834 170.6
2 3 8 1 608.104 170.3
2 3 8 3 631.604 170.4
2 3 9 1 607.699 170.6
2 3 9 3 631.199 170.6
2 3 10 1 607.379 170.9
2 3 10 3 630.879 170.9
2 3 11 1 607.844 171
2 3 11 3 631.344 170.9
2 3 12 1 608.431 170.8
2 3 12 3 631.931 170.7
2 4 1 1 711.398 109.7
2 4 1 3 734.898 101.3
2 4 2 1 710.478 109.5
2 4 2 3 733.978 101.1
2 4 3 1 710.421 109.5
2 4 3 3 733.921 101
2 4 4 1 710.122 -10.8999
2 4 4 3 733.622 -10.8999
2 4 13 1 709.465 310.5
2 4 13 3 732.965 310.5
2 4 5 1 710.245 291.2
2 4 5 3 733.745 299.6
2 4 6 1 710.401 291.1
2 4 6 3 733.902 299.5
2 4 7 1 711.059 291.2
2 4 7 3 734.559 299.6
2 4 8 1 710.508 274.2
2 4 8 3 734.008 282.6
2 4 9 1 712.719 105.5
2 4 9 3 736.219 105.4
2 4 10 1 710.038 -9.69994
2 4 10 3 733.538 -13.8999
2 4 14 1 709.598 259.7
2 4 14 3 733.098 263.9
2 4 11 1 713.087 94.2
2 4 11 3 736.587 94.1
2 4 12 1 710.852 110
2 4 12 3 734.352 101.6
